% # columns="iteration, evaluation, sigma, max axis length,  min axis length, all principal axes lengths  (sorted square roots of eigenvalues of C)", seed=13, Fri May 31 13:55:34 2024
1 8 0.865291137179646 1.0000400008000108 1.0 1.0 1.00001000005 1.0000200002000015 1.0000300004500045 1.0000400008000108
2 16 0.8486382450130964 1.0838038959507774 0.8674973211161454 0.8674973211161454 0.9255737257876911 0.9934501226467789 1.0080695402663136 1.0838038959507774
3 24 0.8190731538129958 1.117042939580278 0.7743161303762403 0.7743161303762403 0.8928155929042784 0.9837632819040452 1.0544507874107691 1.117042939580278
4 32 0.674722120160276 1.1130690808521388 0.7441072543363846 0.7441072543363846 0.8642689206815029 0.9598017615876246 1.0794629286637938 1.1130690808521388
5 40 0.5914884458912236 1.1510932626663697 0.6535894455541625 0.6535894455541625 0.82168559429114 0.9499612951271198 1.0514940698865465 1.1510932626663697
6 48 0.5582980307530955 1.1285866272878946 0.6060392292947636 0.6060392292947636 0.7862380429188484 0.9473332803562068 1.023856521820538 1.1285866272878946
7 56 0.6810992179176418 1.0964651682659068 0.5688367896672217 0.5688367896672217 0.8687068129470911 0.8747837250402196 1.0096825238675313 1.0964651682659068
8 64 0.6563722760653992 1.33989208497413 0.5507262742559965 0.5507262742559965 0.8104610505089878 0.8828127645590418 1.001042516724489 1.33989208497413
9 72 0.6294502049851383 1.3804131672248945 0.5021875984169362 0.5021875984169362 0.814727090291793 0.8224318160545223 1.0064650056527378 1.3804131672248945
10 80 0.6552720247959579 1.3647798675953215 0.49508073141629944 0.49508073141629944 0.729435571516572 0.8160495287765623 1.0335854171117491 1.3647798675953215
11 88 0.5732382435131804 1.3406631435449254 0.45162323801160725 0.45162323801160725 0.7113717428776261 0.8355519227836677 1.09455040698417 1.3406631435449254
12 96 0.5140157586932509 1.3458377785369386 0.4263677566941887 0.4263677566941887 0.6331241667546639 0.8259671476899865 1.1315134688414685 1.3458377785369386
13 104 0.47932296912763644 1.3289085561187433 0.39515298850440045 0.39515298850440045 0.6280878778930623 0.7750511981616128 1.1343970685812506 1.3289085561187433
14 112 0.47109840825489074 1.3235536902004787 0.3819703199045634 0.3819703199045634 0.6067849061065163 0.7291312807812749 1.1364638380074181 1.3235536902004787
15 120 0.4557432098415793 1.335376898275138 0.3658439378002434 0.3658439378002434 0.5889568470274664 0.6861632557925017 1.1571988921157081 1.335376898275138
16 128 0.48841062784806877 1.4373466782684288 0.324433508656772 0.324433508656772 0.576465626816375 0.7058259372198793 1.23306954025625 1.4373466782684288
17 136 0.4257145892801002 1.4511678894473061 0.28649452167776424 0.28649452167776424 0.6221745926269112 0.692798962013076 1.2739352985125518 1.4511678894473061
18 144 0.42052413851729564 1.4564977425611458 0.24884157724965045 0.24884157724965045 0.6165086719395886 0.6930235218447562 1.2432354633463176 1.4564977425611458
19 152 0.3413091004156874 1.5243311699730124 0.22370424000246003 0.22370424000246003 0.6300293937268684 0.6741410012905321 1.2067747007922034 1.5243311699730124
20 160 0.29162979399666794 1.4387972775032454 0.21090967988493095 0.21090967988493095 0.5982859305613325 0.6810142532046658 1.162654587158525 1.4387972775032454
21 168 0.26058896662317743 1.4320013663450195 0.18838643252341775 0.18838643252341775 0.5772417581367103 0.6604794433586166 1.1557417368001506 1.4320013663450195
22 176 0.23874022867624697 1.397180884015907 0.17786284716331274 0.17786284716331274 0.5929069340216909 0.6682756896048246 1.084984736431437 1.397180884015907
23 184 0.20234508877521634 1.3916984103647703 0.15707302550537974 0.15707302550537974 0.5717645846744741 0.6858386709046956 1.0799948383899565 1.3916984103647703
24 192 0.23778240373138834 1.3375793719044984 0.15119181001201915 0.15119181001201915 0.5583186511640752 0.649597565094775 1.0690345927015317 1.3375793719044984
25 200 0.30198236906748244 1.345888716221159 0.14389079317123005 0.14389079317123005 0.5454338182677763 0.6986051989949328 1.2157682841508113 1.345888716221159
26 208 0.29093780934192803 1.2868963990021223 0.138646467148261 0.138646467148261 0.544541620757797 0.7444536273805304 1.2413980090879853 1.2868963990021223
27 216 0.2765085678343434 1.3008843738175668 0.13347742880241562 0.13347742880241562 0.5019495848463683 0.7561860562130166 1.2282390244167491 1.3008843738175668
28 224 0.2619898963251313 1.26376584664229 0.12508145126330303 0.12508145126330303 0.4860185578430722 0.7352446542392544 1.206333900743045 1.26376584664229
29 232 0.2685930966601018 1.2803162429004193 0.12340796894897739 0.12340796894897739 0.44388911208951276 0.7180573141050315 1.1697429596304905 1.2803162429004193
30 240 0.28102110599859875 1.3630436673146542 0.12043347820335337 0.12043347820335337 0.4474085029103211 0.6636976511472845 1.1027609481143368 1.3630436673146542
31 248 0.2652440462126334 1.447932615889134 0.10821297108767645 0.10821297108767645 0.4306687642432984 0.6404539579617216 1.1236383344999366 1.447932615889134
32 256 0.26110274028657515 1.433926543169234 0.10711110585608524 0.10711110585608524 0.40465340945673167 0.6463053992777572 1.0968732487814339 1.433926543169234
33 264 0.2538285671856774 1.4905611148343767 0.10503006474896191 0.10503006474896191 0.3985199662640299 0.6218526642822768 1.0679249792390069 1.4905611148343767
34 272 0.2516432099507651 1.4496330940832005 0.0967322583921068 0.0967322583921068 0.38915347855890176 0.6027597233435903 1.1026969076916762 1.4496330940832005
35 280 0.23577583975360097 1.467040547453998 0.09639754461062056 0.09639754461062056 0.3309741865417929 0.6154327622525281 1.1580523326975138 1.467040547453998
36 288 0.23569539073908133 1.4323985551023366 0.09409535788233087 0.09409535788233087 0.3169171389305419 0.6309167364103122 1.1792119274020054 1.4323985551023366
37 296 0.2275990488883638 1.597543067044729 0.08538812241928577 0.08538812241928577 0.3020663276184561 0.6409442671095775 1.1433586032123562 1.597543067044729
38 304 0.22885024493244394 1.5295376158056653 0.08641362279469712 0.08641362279469712 0.28434203509834344 0.6664010032108046 1.1189966729325052 1.5295376158056653
39 312 0.20239565304145926 1.602823425547304 0.07869799397745268 0.07869799397745268 0.28722814890314263 0.6928021780129751 1.1039776210970567 1.602823425547304
40 320 0.18595079024591848 1.5231821126992087 0.0750014110065747 0.0750014110065747 0.2778966571245395 0.7127557517684809 1.0913524679122932 1.5231821126992087
41 328 0.16616044376516095 1.454406599782035 0.07512776757714895 0.07512776757714895 0.2756948322474988 0.7187723351954672 1.015209420531216 1.454406599782035
42 336 0.18008771123664363 1.3712125655257381 0.07078133865924353 0.07078133865924353 0.2662113459764919 0.7405107069680265 1.0060475480503277 1.3712125655257381
43 344 0.20548296016995032 1.3469338559506383 0.07049466465129357 0.07049466465129357 0.26597303929795035 0.7964629788002807 0.912628600424382 1.3469338559506383
44 352 0.20831958787762062 1.3907516891186014 0.06865593023802004 0.06865593023802004 0.2581672384362889 0.8486825488405366 0.893026367283353 1.3907516891186014
45 360 0.20468332647523008 1.4357066659351185 0.06400837635962354 0.06400837635962354 0.2540214736830573 0.812425812488147 0.869104329705802 1.4357066659351185
46 368 0.18812196313225424 1.386762220121235 0.06272914127621075 0.06272914127621075 0.2542986634144634 0.790719876879324 0.9224529046378712 1.386762220121235
47 376 0.14877828459476142 1.4192180700007486 0.05594234684749677 0.05594234684749677 0.24692302660182383 0.7862065837771159 0.9039910130775183 1.4192180700007486
48 384 0.12922518992583418 1.2292790543432601 0.056641414817065916 0.056641414817065916 0.24310128674768824 0.7869145018612039 0.8892191522893116 1.2292790543432601
49 392 0.11700795362464643 1.2215649204236105 0.05411178280097057 0.05411178280097057 0.23156300723164047 0.7469402502697509 0.8897777693075519 1.2215649204236105
50 400 0.10282565226600418 1.199484156147756 0.05483527798177244 0.05483527798177244 0.21327745586914867 0.735463080820307 0.8810272850811781 1.199484156147756
51 408 0.10751366199668684 1.0466027250439374 0.05450195275383546 0.05450195275383546 0.2227719411349908 0.7007233411409247 0.8773890663578343 1.0466027250439374
52 416 0.10633111238466826 1.0291969453625531 0.05181809735689616 0.05181809735689616 0.25470553427913295 0.6897241332598478 0.8222081362521182 1.0291969453625531
53 424 0.10247684676416481 1.0563667354963229 0.050428586806210526 0.050428586806210526 0.24937740186806512 0.666301186104639 0.8033271350625101 1.0563667354963229
54 432 0.08460432307414473 1.0227207956129032 0.04630555315126629 0.04630555315126629 0.24746541494736957 0.6947605558813652 0.815968124314224 1.0227207956129032
55 440 0.07212894159620319 0.996860310078501 0.04310934257829465 0.04310934257829465 0.24720078600002016 0.7091049537136513 0.7738810351976654 0.996860310078501
56 448 0.0630519242206986 0.9877548260404347 0.04189563821605202 0.04189563821605202 0.23023915263097006 0.7065756454420091 0.7134588099638842 0.9877548260404347
57 456 0.0590089739123851 0.9540059485831014 0.042041786308934626 0.042041786308934626 0.2266896759905766 0.6761920850202349 0.7314210992904414 0.9540059485831014
58 464 0.059359254579329876 0.8915371745406171 0.04448744403343315 0.04448744403343315 0.22477276760727152 0.6770777910387208 0.7016588111780017 0.8915371745406171
59 472 0.0609385743241737 0.9293856898002194 0.04430165571129218 0.04430165571129218 0.2098053758105647 0.6604521008401368 0.7187040048168689 0.9293856898002194
60 480 0.059803613524050545 0.8940580643960854 0.042684553473988224 0.042684553473988224 0.20504475678736436 0.6461166518968026 0.7928767837182297 0.8940580643960854
61 488 0.05625992306404377 0.8904515493675883 0.03971586290111985 0.03971586290111985 0.20898092953009473 0.6297044314377704 0.7431026447326424 0.8904515493675883
62 496 0.06063467409304032 0.8708995032089117 0.03655304889132844 0.03655304889132844 0.21223510913728658 0.6111520391489574 0.7474224349768931 0.8708995032089117
63 504 0.0547443953667603 0.8532709436601951 0.035142794380857635 0.035142794380857635 0.2075744488520833 0.5948156299723082 0.8382810736405817 0.8532709436601951
64 512 0.052494135044438346 0.8645982266971304 0.033797110225054876 0.033797110225054876 0.20504260733764096 0.5412388502846501 0.82109189085047 0.8645982266971304
65 520 0.05576854351715424 0.9121619944824696 0.03129400837637853 0.03129400837637853 0.2055247019202239 0.516448416093761 0.7738402743945715 0.9121619944824696
66 528 0.046383580347291654 0.9086395165204785 0.030549591694921528 0.030549591694921528 0.20008179784148214 0.5042621393793927 0.8089848118111835 0.9086395165204785
67 536 0.04095959572176976 0.8989718962040616 0.02962598038336368 0.02962598038336368 0.20411310731263024 0.46530073958519097 0.7938429607688335 0.8989718962040616
68 544 0.03607320231969365 0.8824129098655933 0.028729087634803262 0.028729087634803262 0.20742578303997075 0.4616557054339017 0.7125304427034864 0.8824129098655933
69 552 0.03476280067141147 0.8600197761416174 0.028281117646261403 0.028281117646261403 0.19323272613803838 0.47594575744251943 0.6977366353353914 0.8600197761416174
70 560 0.03454381223971566 0.8998226982237885 0.027004438482138796 0.027004438482138796 0.19722128092710084 0.47298697640712345 0.6769549830514825 0.8998226982237885
71 568 0.033855919267436606 0.943663074369144 0.028989774772031508 0.028989774772031508 0.1783772855352814 0.4459340982313097 0.6489071228738023 0.943663074369144
72 576 0.036609606659254564 0.9063280011806597 0.029735475579491733 0.029735475579491733 0.17474702509087892 0.43604387479767176 0.6566993743610884 0.9063280011806597
73 584 0.034590110469021045 0.8713545365576965 0.03303497304778234 0.03303497304778234 0.16962162123150476 0.4265576964446462 0.6163315893891491 0.8713545365576965
74 592 0.034096517224598305 0.79241203807308 0.032241612477911324 0.032241612477911324 0.16322397155782084 0.4275369269271101 0.614632421997082 0.79241203807308
75 600 0.036891929501105626 0.7761734029639895 0.03293028714290922 0.03293028714290922 0.15966723650841488 0.42781158926606755 0.5978598440626004 0.7761734029639895
76 608 0.03561207573391575 0.7782175548004786 0.03413315801377971 0.03413315801377971 0.15225110283301777 0.4326502061689708 0.5817597011399396 0.7782175548004786
77 616 0.031170444223262254 0.712529941853301 0.03360686051261048 0.03360686051261048 0.14714536418560925 0.4712211004576307 0.5593768820281181 0.712529941853301
78 624 0.02615778422371256 0.6785419146948812 0.03271548277137039 0.03271548277137039 0.14093708074183367 0.4515605261949259 0.5398051711098611 0.6785419146948812
79 632 0.024023696022430464 0.6636307907402944 0.03232976481668913 0.03232976481668913 0.13967314213472082 0.43436222033329586 0.49986114145791144 0.6636307907402944
80 640 0.026426563234976927 0.635396646295824 0.028831415521645944 0.028831415521645944 0.14152771871269515 0.45881904865685336 0.4943051282391063 0.635396646295824
81 648 0.02813529652602843 0.7028823288277096 0.029075103459589365 0.029075103459589365 0.13816815422977735 0.4521160269689155 0.47275177800904056 0.7028823288277096
82 656 0.028390370185425028 0.7792760868451031 0.02801541871157117 0.02801541871157117 0.14380799254400975 0.44082786979989685 0.46428926525315156 0.7792760868451031
83 664 0.030225222265163575 0.8169496143965805 0.02691463100925996 0.02691463100925996 0.14438587100032893 0.39592397470847923 0.454331304710317 0.8169496143965805
84 672 0.02626272968615923 0.7795345270287464 0.02482192000653268 0.02482192000653268 0.1512552843094043 0.40251639426622937 0.4856433282079574 0.7795345270287464
85 680 0.02913601053897966 0.760036952934167 0.02419699070239476 0.02419699070239476 0.14896886009423935 0.36806288845782675 0.4821299462946514 0.760036952934167
86 688 0.02927993092722745 0.8215343722120558 0.024700371064584305 0.024700371064584305 0.16259061255418494 0.32328095312335936 0.4855972452394982 0.8215343722120558
87 696 0.027804792114943588 0.8271900559032684 0.024427492134715734 0.024427492134715734 0.15016179338053537 0.35997007051527946 0.4487303633502982 0.8271900559032684
88 704 0.028366416584725856 0.7717887248251661 0.021596172214859814 0.021596172214859814 0.15010265780094167 0.37113634979332927 0.4677805675365581 0.7717887248251661
89 712 0.026478167071265556 0.7743551526375089 0.021242427280869815 0.021242427280869815 0.14281908702184096 0.35698636781640913 0.5017911073376095 0.7743551526375089
90 720 0.023235774373748207 0.7785501397202376 0.0198745840230556 0.0198745840230556 0.14100499083329301 0.3547889640568586 0.4823533263466713 0.7785501397202376
91 728 0.022295628558082252 0.7603975103152837 0.019634032330785034 0.019634032330785034 0.1404834865957306 0.34437012520513455 0.46525083463039224 0.7603975103152837
92 736 0.01991295828171791 0.7957466040218699 0.019779883596191917 0.019779883596191917 0.14247663430176116 0.32597608512683024 0.39548252601595824 0.7957466040218699
93 744 0.02097133705790064 0.7910629486757808 0.0191515814509647 0.0191515814509647 0.13797079815200647 0.3184541491135978 0.3647431233733267 0.7910629486757808
