% # columns="iteration, evaluation, void, void, void, xmean", seed=13, Fri May 31 13:55:34 2024, <python>{}</python> # scaling_of_variables: 1, typical_x: 0
1 8 0 0 0 325.69189291850984 0.6819682743765609 0.3422453135608131 1.0733059860340666 1.0816806456082335
2 16 0 0 0 944.7879943188002 0.46285067933023283 0.19843766445738523 1.2109624268963302 1.1034221651921443
3 24 0 0 0 759.1425140191402 0.9991026607772413 0.09867112101270337 1.3166381747178668 0.8772948867449779
4 32 0 0 0 888.7512103409969 0.6188113984000684 0.1196478365705647 1.145409148725024 0.9691154449127294
5 40 0 0 0 925.9278963696468 0.15598053185065863 0.23679924687783754 1.062955267518229 0.9983277900244646
6 48 0 0 0 755.0035819942437 -0.13247349303003136 0.1474239678474379 1.0396671301320577 1.1329283424582923
7 56 0 0 0 1025.119262263872 -0.060314782142481704 0.19323237594607193 1.195764382581767 1.4567490148507842
8 64 0 0 0 760.2767613738777 -0.6173257785136164 0.14405334715123846 1.2642694879764798 1.3334416519728258
9 72 0 0 0 1133.7112738181665 -0.20034225663812194 0.04037994960375617 1.27774870551959 1.4091299570629898
10 80 0 0 0 1446.3017490619575 -0.14490561707969843 0.002603521785600249 1.4359492588655172 1.3489565842967337
11 88 0 0 0 1395.7738861929072 -0.35681919220101765 0.02644568699668138 1.374632966097533 1.2602573635989318
12 96 0 0 0 1185.8351122580427 -0.15841092846547739 -0.010948248708528376 1.3172912970007689 1.435591210767355
13 104 0 0 0 1047.5692381036602 0.0023586183450176046 -0.0696592253955467 1.2677344059742623 1.382146466399297
14 112 0 0 0 869.2795770937913 -0.17163188621623882 -0.08663275531844528 1.168940125021272 1.421224897961989
15 120 0 0 0 1336.7860337293987 -0.09162112872193921 -0.11417971593302434 1.2656942452230964 1.4809530735772578
16 128 0 0 0 1531.934699202922 -0.04708762059506905 -0.20934839440655648 1.3464463256965207 1.40302257061215
17 136 0 0 0 1298.7235108544085 -0.13117223374807419 -0.170208039686511 1.3586561925662088 1.4712156942823256
18 144 0 0 0 1017.6945447171508 -0.03794767953147925 -0.22348621253059003 1.3040555363381088 1.5003920739510923
19 152 0 0 0 1141.2125448289685 -0.049958620098442846 -0.15025375560355647 1.3363885359762955 1.4991097741256734
20 160 0 0 0 1322.495210040529 -0.08617132089113116 -0.13497519815713335 1.3684245170912839 1.4723067273524468
21 168 0 0 0 1247.4537397744086 -0.12138724800789913 -0.09613502588399013 1.3569449135655387 1.5003828791263485
22 176 0 0 0 1324.3860639297664 -0.03314608909326633 -0.10755670594566331 1.3138484823689973 1.4669600691607303
23 184 0 0 0 1272.4764340847134 -0.06923795174106617 -0.1019428666305629 1.3111328078509084 1.448158988289988
24 192 0 0 0 1400.1512997469806 -0.07135872364935382 -0.0960031687217751 1.2550754792609569 1.3665177892549267
25 200 0 0 0 1365.4484945210893 -0.06266350931336943 -0.07786899203674896 1.1503420880848458 1.3858443822146298
26 208 0 0 0 1429.3209759623683 -0.04927453365440001 -0.0750813184580628 1.2138764420467356 1.456400031716739
27 216 0 0 0 1484.3004615705888 -0.05734145314098001 -0.06341571131041843 1.1733406923313612 1.400302739575374
28 224 0 0 0 1429.0817744511953 -0.029584689340359772 -0.09257620158824352 1.1258235669379122 1.3189938570077728
29 232 0 0 0 1472.727585417958 -0.046088750156957924 -0.09654744881879557 1.1032733037135023 1.2222108029445224
30 240 0 0 0 1372.505153100568 -0.0012535295882518185 -0.13128157947453345 1.039261639093706 1.1684227769176894
31 248 0 0 0 1348.7289676268051 -0.09002531433206148 -0.10213744682007989 1.0372725715501556 1.2381542094390803
32 256 0 0 0 1385.4525127363054 -0.03301177223439806 -0.10721534200108404 0.9694169440666329 1.179290738697594
33 264 0 0 0 1275.6447187648848 -0.05520386936310423 -0.11138818415400026 0.9463063829311692 1.242738802937979
34 272 0 0 0 1154.0830680485235 -0.03430077865756416 -0.12817960114051732 0.926982144767451 1.2011007455906793
35 280 0 0 0 1148.569656578802 -0.06432909608967463 -0.1442695756958672 0.9662572253303624 1.1942035567022398
36 288 0 0 0 1224.8072345365674 -0.06343105697373884 -0.16154703791542055 0.917740710699813 1.0754447159093858
37 296 0 0 0 1212.7441259859988 -0.0351488213295235 -0.1701252274563636 0.9602695338866586 1.0701460168285135
38 304 0 0 0 1291.543440214305 -0.031895979018774855 -0.13463889543497745 0.8757008743112497 1.0298318606146695
39 312 0 0 0 1257.9314752461014 -0.011389896535898489 -0.16006964126688994 0.9468264153663271 1.0518547700128265
40 320 0 0 0 1188.8076624992377 -0.009252546230000458 -0.14599185572357443 0.9241348872649425 1.0721510626323723
41 328 0 0 0 1220.063868739995 -0.0032836895016343827 -0.13053387060951704 0.8939853632916828 1.0819604490137205
42 336 0 0 0 1310.7966608296936 -0.0022788224783170134 -0.09867089189178932 0.8705057172749542 1.067128530430773
43 344 0 0 0 1346.4964110791973 -0.031169442419778978 -0.07171978922506711 0.8334708192961735 1.064882949553884
44 352 0 0 0 1414.4770069502326 -0.03401564797161279 -0.06678243131231854 0.8244714811129212 1.0309075446393388
45 360 0 0 0 1373.226430908248 -0.036945146442962276 -0.06371952150368959 0.8907757007305483 1.129764882353714
46 368 0 0 0 1307.1378695632916 -0.045495984344552196 -0.0640247730869263 0.8905563334581956 1.1572293549489259
47 376 0 0 0 1313.6565052322983 -0.03868588733688326 -0.07524897525116758 0.8942195673548369 1.1406958145968544
48 384 0 0 0 1309.8817661022438 -0.03978200328213031 -0.08547600716574714 0.8713772644523137 1.1152744145353606
49 392 0 0 0 1324.932413244411 -0.038800086976467245 -0.07776189707337489 0.8466131694189497 1.0979136840350237
50 400 0 0 0 1300.5966207259244 -0.04230545760364564 -0.08417084552184391 0.8598201197294035 1.122111929078862
51 408 0 0 0 1339.4535651476092 -0.035433112234188165 -0.0843793951916721 0.862782861508794 1.1269585986116182
52 416 0 0 0 1335.104154684894 -0.035880395643673894 -0.09882356804171558 0.8553534287120992 1.0957755631600499
53 424 0 0 0 1341.5903943138007 -0.05189969786551009 -0.0786735361685278 0.8388369997688659 1.111800228152507
54 432 0 0 0 1350.5873834295364 -0.04537397677435119 -0.08459872263473535 0.8442088489720696 1.101731547890128
55 440 0 0 0 1341.1214925270197 -0.046956093491382536 -0.08256704582814799 0.8331250712167276 1.1025911231053653
56 448 0 0 0 1359.579086588247 -0.048187487564886285 -0.08419965778021873 0.8420876892028245 1.0961127714189476
57 456 0 0 0 1363.191114370368 -0.03719307759753145 -0.08771855637103552 0.838565808661425 1.088885899555809
58 464 0 0 0 1388.3092835999166 -0.03384829345574004 -0.0822074309004739 0.8361213869994689 1.0820130438485829
59 472 0 0 0 1398.8092141018724 -0.032073491161202235 -0.07635503324877889 0.8479616441845803 1.0889136371481398
60 480 0 0 0 1410.0765904677326 -0.029622354603929386 -0.07316025407873648 0.8471385180973269 1.084296701902837
61 488 0 0 0 1404.1488832782884 -0.0413160982429577 -0.07300244673156324 0.847097578648516 1.0968665084822233
62 496 0 0 0 1415.8643844274566 -0.05034996181942704 -0.0665511642092458 0.8498098207131624 1.106933625875963
63 504 0 0 0 1428.7202385120088 -0.04282652237974602 -0.06770304208317303 0.8508107332487556 1.0986877603363314
64 512 0 0 0 1444.942040595045 -0.04506598410436821 -0.06190646392281393 0.8535167872177425 1.1033393357372883
65 520 0 0 0 1428.206300375306 -0.053458723554552105 -0.05655231248423833 0.857065959293939 1.1184546723279898
66 528 0 0 0 1433.0015842649816 -0.04470787548143538 -0.06447861339333098 0.8566289657281948 1.107086983437347
67 536 0 0 0 1438.0867589779082 -0.04271481094492304 -0.06759442099913002 0.8563410584690062 1.1019226566489773
68 544 0 0 0 1443.5460392128941 -0.039153977523385064 -0.06676305499523688 0.8552746586962167 1.0986912790628232
69 552 0 0 0 1449.741168512413 -0.04455610855292652 -0.06090995983272825 0.8582160953510358 1.1035605811185223
70 560 0 0 0 1456.607813438005 -0.04056147278816524 -0.06048425143725772 0.8626273310062784 1.1048825895300864
71 568 0 0 0 1443.2081270408391 -0.037600034168253645 -0.0654281653730874 0.8608672071040241 1.103873397577098
72 576 0 0 0 1441.3693435652617 -0.033668145281943056 -0.06646348694139627 0.8627198864575641 1.1043311252544483
73 584 0 0 0 1445.1841903826514 -0.036437801791843714 -0.06358810322126239 0.8627762463328374 1.1085480083420804
74 592 0 0 0 1437.5546140944837 -0.03445415857084558 -0.06459206490973549 0.8622933688327695 1.1093707330294662
75 600 0 0 0 1437.164004638247 -0.03061297536434307 -0.06485373455527321 0.8581386895578544 1.1055774701517869
76 608 0 0 0 1432.4617512821483 -0.028481118578504338 -0.06786422783658728 0.8630049026768241 1.1062746059342405
77 616 0 0 0 1432.00205502398 -0.028770161193901203 -0.06647105608126588 0.8623590713229486 1.1066690905350405
78 624 0 0 0 1434.406716126711 -0.03046316082936759 -0.06505314435466747 0.8616572558664278 1.10644854226539
79 632 0 0 0 1435.4107707847725 -0.033143179007990096 -0.0631166078580121 0.8590078550648139 1.1083249914133155
80 640 0 0 0 1440.3152642633931 -0.033293360980865314 -0.059110319019544555 0.8596783978965514 1.1117304520970779
81 648 0 0 0 1444.8591302757195 -0.03571412662975723 -0.0584931843303292 0.8585511791841204 1.1134650430648432
82 656 0 0 0 1445.2026584606463 -0.0362966641829156 -0.05781691833055546 0.8604552480367865 1.1169021414440148
83 664 0 0 0 1436.1637574949011 -0.036558987713422336 -0.0617037332720365 0.8556053360222503 1.1135089666520062
84 672 0 0 0 1433.5144322248768 -0.033092534039124245 -0.0637286242981287 0.8586475603190787 1.1105882932150137
85 680 0 0 0 1423.616306598366 -0.02987458973468779 -0.06631656581383547 0.8565431845334264 1.1067338724122064
86 688 0 0 0 1429.3994202553656 -0.030419529407832796 -0.06451612652501425 0.8550223877820727 1.1054388585570734
87 696 0 0 0 1439.6973203689033 -0.031561051442254164 -0.06223753309476907 0.8568335717169439 1.1062029996042109
88 704 0 0 0 1447.8625948305244 -0.03286378089453985 -0.06048225374722574 0.8581472301613847 1.1060897344977658
89 712 0 0 0 1451.4472560923593 -0.03357612580438353 -0.059106432406533224 0.8596577043754321 1.1077949692611095
90 720 0 0 0 1449.777807136623 -0.03462024467792275 -0.058223686803217545 0.8584009467683378 1.1085474815142755
91 728 0 0 0 1455.5850372319114 -0.03693404778064086 -0.05540990454002863 0.8582986197526526 1.1105577335251795
92 736 0 0 0 1457.2733158496962 -0.037549806833610866 -0.05493431398331573 0.8575632776230729 1.1107725726511473
93 744 0 0 0 1459.4888288380102 -0.039790246113469166 -0.05327800352143855 0.8557802144774191 1.1130157361609607
